1633231415 1633100347 0.001
1633231415 1633165884 0.001
1633231415 1633165879 0.0008
1633231415 1633034804 0.001
1633231415 1633296951 0.001
1633231415 1633100344 0.0009
1633231415 1633493563 0.001
1633231415 1633231420 0.001
1636704863 1636704864 0.0004
1636704863 1637032544 5e-05
1636704863 1636704867 0.0003
1636704863 1636704868 4e-05
1636704863 1636311652 4e-05
1636704863 1636639327 0.0003
1636704863 1636835931 4e-05
1636704863 1636377183 6e-05
1636246123 1636311655 7e-05
1636246123 1636115051 0.0006
1636246123 1636377191 7e-05
1636246123 1635918442 5e-05
1636246123 1635983979 0.0004
1636246123 1636246124 0.002
1636246123 1635918443 0.0004
1636246123 1635852906 5e-05
1633034810 1633034811 0.0009
1633034810 1633100348 0.002
1633034810 1633034804 0.0008
1633034810 1632969271 0.001
1633034810 1633100344 0.002
1633034810 1633100347 0.005
1633034810 1633165884 0.002
1633034810 1633231420 0.001
1636115051 1636377191 6e-05
1636115051 1635983979 0.0008
1636115051 1636311655 6e-05
1636115051 1635918442 8e-05
1636115051 1635918443 0.0006
1636115051 1636246124 0.001
1636115051 1636246123 0.0002
1636115051 1635852906 7e-05
1636246124 1636311655 5e-05
1636246124 1635983979 0.0004
1636246124 1636377191 5e-05
1636246124 1635918442 5e-05
1636246124 1636115051 0.0004
1636246124 1635918443 0.0004
1636246124 1636246123 0.0002
1636246124 1635852906 5e-05
1633231416 1633100347 0.002
1633231416 1633100348 0.001
1633231416 1633034804 0.0008
1633231416 1633231415 0.0008
1633231416 1633100344 0.001
1633231416 1633493563 0.002
1633231416 1633231420 0.002
1633231416 1633165884 0.002
1633034811 1633493563 0.0007
1633034811 1633100348 0.004
1633034811 1632969271 0.0009
1633034811 1633100344 0.0009
1633034811 1633034810 0.001
1633034811 1633100347 0.007
1633034811 1633165884 0.003
1633034811 1633231420 0.002
1636311655 1636377191 0.0006
1636311655 1635983979 0.0002
1636311655 1636311652 0.0002
1636311655 1636311653 0.0002
1636311655 1636377190 0.0002
1636311655 1636246119 0.0002
1636311655 1635918443 0.0002
1636311655 1636246124 0.0002
1637163633 1637425777 3e-05
1637163633 1637818984 8e-06
1637163633 1637818987 2e-06
1637163633 1637950060 9e-06
1637163633 1637491313 5e-05
1637163633 1637491315 1e-05
1637163633 1637622388 3e-05
1637163633 1637556853 5e-05
1636704868 1636704864 9e-05
1636704868 1636704867 0.001
1636704868 1636311652 5e-05
1636704868 1636377191 5e-05
1636704868 1635918443 5e-05
1636704868 1636246124 5e-05
1636704868 1636639327 5e-05
1636704868 1636704863 6e-05
1633100348 1633493563 0.001
1633100348 1633034811 0.0006
1633100348 1633165884 0.007
1633100348 1633034804 0.0004
1633100348 1632969271 0.0005
1633100348 1633100344 0.0006
1633100348 1633100347 0.007
1633100348 1633231420 0.003
1633034806 1633100343 0.0007
1633034806 1632969271 0.003
1633034806 1633034804 0.003
1633034806 1633034805 0.002
1633034806 1632969270 0.002
1633034806 1632838199 0.001
1633034806 1633100344 0.0009
1633034806 1633100347 0.001
1632772664 1633165884 0.0006
1632772664 1632838199 0.002
1632772664 1633034804 0.0008
1632772664 1632969270 0.0007
1632772664 1632969271 0.001
1632772664 1633100347 0.0009
1632772664 1633100348 0.0007
1632772664 1633231420 0.0005
1635918443 1636311655 3e-05
1635918443 1635983979 0.002
1635918443 1636377191 4e-05
1635918443 1635918442 0.0004
1635918443 1636115051 0.0001
1635918443 1636246124 0.0003
1635918443 1636246123 4e-05
1635918443 1635852906 0.0003
1633296952 1633100347 0.001
1633296952 1633231420 0.002
1633296952 1633034804 0.0006
1633296952 1633296951 0.001
1633296952 1633100344 0.0006
1633296952 1633493563 0.002
1633296952 1633165884 0.001
1633296952 1633100348 0.0009
1636377191 1635918443 0.0001
1636377191 1636311652 0.0002
1636377191 1636311653 0.0001
1636377191 1636377190 0.0003
1636377191 1636442727 0.0002
1636377191 1636311655 0.0004
1636377191 1636246124 0.0001
1636377191 1635983979 0.0001
1636377181 1635983968 8e-05
1636377181 1636704867 6e-05
1636377181 1636311652 4e-05
1636377181 1636704863 4e-05
1636377181 1636377183 0.0001
1636377181 1636049503 4e-05
1636377181 1636442717 0.0001
1636377181 1636639327 4e-05
1636639327 1636704864 0.0002
1636639327 1636835931 4e-05
1636639327 1636704867 0.0003
1636639327 1636704868 4e-05
1636639327 1635918443 4e-05
1636639327 1636311652 5e-05
1636639327 1636704863 0.0004
1636639327 1636377183 8e-05
1632969268 1632969271 0.0009
1632969268 1632838197 0.0006
1632969268 1633034804 0.007
1632969268 1632969269 0.0008
1632969268 1632969270 0.001
1632969268 1632838199 0.0007
1632969268 1633100347 0.0005
1632969268 1633034805 0.002
1632772661 1632838199 0.001
1632772661 1633034804 0.002
1632772661 1633034805 0.0006
1632772661 1632969270 0.0009
1632772661 1632969271 0.001
1632772661 1633100347 0.0005
1632772661 1633165884 0.0004
1632772661 1632838197 0.0009
1632969270 1632969271 0.004
1632969270 1633034804 0.003
1632969270 1632969269 0.0008
1632969270 1633034806 0.0008
1632969270 1632838199 0.002
1632969270 1633100344 0.0007
1632969270 1633100347 0.0009
1632969270 1633034805 0.002
1633100343 1633100348 0.0009
1633100343 1633034804 0.002
1633100343 1632969270 0.0009
1633100343 1632969271 0.002
1633100343 1633100344 0.002
1633100343 1633100347 0.002
1633100343 1633165884 0.001
1633100343 1633231420 0.0009
1633100344 1633493563 0.0009
1633100344 1633165884 0.002
1633100344 1633100343 0.001
1633100344 1633034804 0.001
1633100344 1632969271 0.001
1633100344 1633100347 0.003
1633100344 1633100348 0.001
1633100344 1633231420 0.001
1633034804 1632838199 0.0005
1633034804 1632969268 0.0008
1633034804 1632969269 0.0005
1633034804 1632969270 0.0009
1633034804 1632969271 0.0009
1633034804 1633100347 0.0006
1633034804 1633165884 0.0004
1633034804 1633034805 0.002
1636049503 1635983968 0.0004
1636049503 1635983979 4e-05
1636049503 1636311652 7e-05
1636049503 1636377191 3e-05
1636049503 1635918443 5e-05
1636049503 1636246124 4e-05
1636049503 1636704867 4e-05
1636049503 1636377183 8e-05
1633362491 1633100347 0.001
1633362491 1633100348 0.0009
1633362491 1633231420 0.003
1633362491 1633493564 0.0008
1633362491 1633493563 0.009
1633362491 1633165884 0.002
1633362491 1633362493 0.001
1633362491 1633362492 0.001
1633493564 1633362491 0.0007
1633493564 1633100347 0.0007
1633493564 1633100348 0.0006
1633493564 1633231420 0.002
1633493564 1633493563 0.009
1633493564 1633362492 0.001
1633493564 1633362493 0.002
1633493564 1633165884 0.001
1633362493 1633362491 0.0004
1633362493 1633100347 0.0009
1633362493 1633362492 0.001
1633362493 1633231420 0.003
1633362493 1633493564 0.0008
1633362493 1633493563 0.003
1633362493 1633165884 0.002
1633362493 1633100348 0.0009
1632838199 1633165884 0.0006
1632838199 1633034804 0.001
1632838199 1633034805 0.0006
1632838199 1632969270 0.002
1632838199 1632969271 0.004
1632838199 1633100344 0.0006
1632838199 1633100347 0.001
1632838199 1633100348 0.0007
1633034805 1632969270 0.002
1633034805 1632969271 0.001
1633034805 1633034804 0.007
1633034805 1632969269 0.0008
1633034805 1633034806 0.0008
1633034805 1632838199 0.0008
1633034805 1633100344 0.0006
1633034805 1633100347 0.0007
1637032544 1636704864 6e-05
1637032544 1636967009 8e-05
1637032544 1636704867 0.0001
1637032544 1636704868 3e-05
1637032544 1635918443 3e-05
1637032544 1636246124 3e-05
1637032544 1636704863 6e-05
1637032544 1636639327 3e-05
1632838198 1632838199 0.003
1632838198 1632772661 0.0009
1632838198 1633034804 0.002
1632838198 1633034805 0.0009
1632838198 1632969270 0.002
1632838198 1632969271 0.003
1632838198 1633100347 0.0008
1632838198 1632838197 0.0009
1633165879 1633493563 0.001
1633165879 1633231420 0.001
1633165879 1632969271 0.0009
1633165879 1633034804 0.001
1633165879 1633100343 0.001
1633165879 1633100344 0.002
1633165879 1633100347 0.002
1633165879 1633165884 0.001
1637950060 1637425777 6e-06
1637950060 1637818984 7e-05
1637950060 1637818987 5e-05
1637950060 1638015596 5e-05
1637950060 1637491313 2e-05
1637950060 1637491315 4e-06
1637950060 1637622388 2e-05
1637950060 1637556853 2e-05
1636573800 1636311655 7e-05
1636573800 1636704867 0.0001
1636573800 1636377191 0.0001
1636573800 1636573801 0.0002
1636573800 1635918443 8e-05
1636573800 1636246124 0.0001
1636573800 1636442727 7e-05
1636573800 1635983979 8e-05
1632838197 1632969271 0.001
1632838197 1632969269 0.0008
1632838197 1633034804 0.003
1632838197 1633034805 0.001
1632838197 1632969270 0.002
1632838197 1632838199 0.001
1632838197 1633100347 0.0006
1632838197 1632772661 0.001
1633296951 1633493563 0.002
1633296951 1633165884 0.0009
1633296951 1633034804 0.0008
1633296951 1633231415 0.0008
1633296951 1633296952 0.0007
1633296951 1633100347 0.001
1633296951 1633231420 0.001
1633296951 1633100348 0.0007
1633165880 1633493563 0.001
1633165880 1633165884 0.002
1633165880 1633034804 0.0009
1633165880 1632969271 0.0009
1633165880 1633100344 0.002
1633165880 1633100347 0.003
1633165880 1633231420 0.002
1633165880 1633100348 0.001
1632969269 1632969271 0.002
1632969269 1633034804 0.005
1632969269 1632838197 0.0009
1632969269 1632969270 0.002
1632969269 1632838199 0.001
1632969269 1632969268 0.0008
1632969269 1633100347 0.0007
1632969269 1633034805 0.002
1633100347 1633034811 0.0009
1633100347 1633100348 0.006
1633100347 1632969271 0.0007
1633100347 1633100344 0.001
1633100347 1633034810 0.0007
1633100347 1633493563 0.001
1633100347 1633165884 0.005
1633100347 1633231420 0.003
1633362490 1633362491 0.001
1633362490 1633100347 0.0008
1633362490 1633100348 0.0006
1633362490 1633231420 0.002
1633362490 1633493563 0.004
1633362490 1633165884 0.001
1633362490 1633362493 0.0006
1633362490 1633362492 0.0006
1632707128 1632838199 0.001
1632707128 1632707127 0.0006
1632707128 1633034804 0.0006
1632707128 1632969270 0.0005
1632707128 1632969271 0.0009
1632707128 1633100347 0.0007
1632707128 1633100348 0.0005
1632707128 1633165884 0.0005
1636704867 1636704864 0.0002
1636704867 1636311652 5e-05
1636704867 1636377191 5e-05
1636704867 1636246124 5e-05
1636704867 1636704868 0.0003
1636704867 1636377183 4e-05
1636704867 1636704863 9e-05
1636704867 1636639327 8e-05
1637556853 1637425777 2e-05
1637556853 1637818984 8e-06
1637556853 1637818987 2e-06
1637556853 1637950060 1e-05
1637556853 1637491313 5e-05
1637556853 1637491315 4e-05
1637556853 1637622388 0.0003
1637556853 1637163633 4e-06
1636573801 1636311655 6e-05
1636573801 1636704867 8e-05
1636573801 1636311652 5e-05
1636573801 1636377191 0.0001
1636573801 1636573800 0.0002
1636573801 1635918443 9e-05
1636573801 1636246124 0.0002
1636573801 1635983979 8e-05
1636377189 1636704867 0.0001
1636377189 1636311652 0.0005
1636377189 1636311653 0.0003
1636377189 1636377190 0.0003
1636377189 1636311655 0.0002
1636377189 1636377191 0.0003
1636377189 1636246124 0.0001
1636377189 1635918443 0.0001
1635983968 1635983979 4e-05
1635983968 1636311652 7e-05
1635983968 1636377191 3e-05
1635983968 1635918443 5e-05
1635983968 1636246124 5e-05
1635983968 1636704867 3e-05
1635983968 1636049503 0.0001
1635983968 1636377183 6e-05
1636835931 1636704864 4e-05
1636835931 1635983968 2e-05
1636835931 1636704867 7e-05
1636835931 1635918443 2e-05
1636835931 1636246124 2e-05
1636835931 1636704863 6e-05
1636835931 1636639327 4e-05
1636835931 1636377183 3e-05
1636442717 1635983968 6e-05
1636442717 1636704864 4e-05
1636442717 1636704867 8e-05
1636442717 1636311652 5e-05
1636442717 1636377183 0.0002
1636442717 1636704863 5e-05
1636442717 1636377181 5e-05
1636442717 1636639327 6e-05
1636377183 1635983968 0.0001
1636377183 1636311648 7e-05
1636377183 1636704867 9e-05
1636377183 1636311652 0.0001
1636377183 1635918443 5e-05
1636377183 1636049503 5e-05
1636377183 1636442717 6e-05
1636377183 1636639327 5e-05
1636311648 1635983968 0.0001
1636311648 1636704867 8e-05
1636311648 1636311652 0.0002
1636311648 1636311653 6e-05
1636311648 1635918443 6e-05
1636311648 1636246124 5e-05
1636311648 1636377183 0.0004
1636311648 1636049503 7e-05
1636967009 1637032544 0.0001
1636967009 1636704864 8e-05
1636967009 1636704867 0.0003
1636967009 1636704868 5e-05
1636967009 1635918443 3e-05
1636967009 1636246124 3e-05
1636967009 1636704863 7e-05
1636967009 1636639327 4e-05
1633034807 1633100343 0.001
1633034807 1632969271 0.004
1633034807 1633034804 0.002
1633034807 1633034805 0.001
1633034807 1632969270 0.002
1633034807 1632838199 0.001
1633034807 1633100344 0.002
1633034807 1633100347 0.002
1633493563 1633100347 0.0008
1633493563 1633165884 0.001
1633493563 1633100348 0.0006
1633493563 1633362492 0.001
1633493563 1633362491 0.0009
1633493563 1633493564 0.001
1633493563 1633362493 0.0009
1633493563 1633231420 0.002
1636311652 1635983968 0.0001
1636311652 1635983979 9e-05
1636311652 1636311653 0.0004
1636311652 1636377190 0.0001
1636311652 1636311655 0.0001
1636311652 1635918443 0.0001
1636311652 1636246124 9e-05
1636311652 1636377191 0.0001
1636311653 1636377191 0.0002
1636311653 1635983979 0.0001
1636311653 1636311652 0.0007
1636311653 1636377189 0.0001
1636311653 1636377190 0.0002
1636311653 1636311655 0.0002
1636311653 1635918443 0.0001
1636311653 1636246124 0.0001
1636377190 1636442727 0.0001
1636377190 1635918443 0.0001
1636377190 1636311652 0.0003
1636377190 1636377189 0.0001
1636377190 1636311655 0.0003
1636377190 1636377191 0.0006
1636377190 1636246124 0.0001
1636377190 1636311653 0.0002
1636246119 1636311655 0.0004
1636246119 1635983979 0.0002
1636246119 1636311652 0.0002
1636246119 1636311653 0.0001
1636246119 1636377190 9e-05
1636246119 1636377191 0.0003
1636246119 1635918443 0.0002
1636246119 1636246124 0.0002
1637818984 1637425777 4e-06
1637818984 1637950060 5e-05
1637818984 1637818987 2e-05
1637818984 1638015596 5e-06
1637818984 1637491313 1e-05
1637818984 1637491315 2e-06
1637818984 1637622388 9e-06
1637818984 1637556853 1e-05
1633165884 1633493563 0.001
1633165884 1633231420 0.007
1633165884 1633034804 0.0004
1633165884 1632969271 0.0004
1633165884 1633100344 0.0006
1633165884 1633100347 0.005
1633165884 1633100348 0.006
1633165884 1633362493 0.0005
1635918442 1636311655 4e-05
1635918442 1636115051 0.0001
1635918442 1636311652 3e-05
1635918442 1636377191 4e-05
1635918442 1635852906 0.0005
1635918442 1635983979 0.001
1635918442 1636246124 0.0002
1635918442 1635918443 0.002
1637818987 1637425777 6e-06
1637818987 1637818984 0.0001
1637818987 1638015596 2e-05
1637818987 1637950060 0.0002
1637818987 1637491313 2e-05
1637818987 1637491315 4e-06
1637818987 1637622388 1e-05
1637818987 1637556853 2e-05
1638015596 1637425777 5e-06
1638015596 1637818984 5e-05
1638015596 1637818987 3e-05
1638015596 1637950060 0.0003
1638015596 1637491313 1e-05
1638015596 1637491315 3e-06
1638015596 1637622388 1e-05
1638015596 1637556853 2e-05
1633362492 1633362491 0.001
1633362492 1633100347 0.001
1633362492 1633100348 0.0009
1633362492 1633231420 0.003
1633362492 1633493563 0.006
1633362492 1633165884 0.002
1633362492 1633362493 0.002
1633362492 1633493564 0.001
1633231420 1633493563 0.002
1633231420 1633165884 0.007
1633231420 1633034804 0.0004
1633231420 1633100344 0.0005
1633231420 1633100347 0.003
1633231420 1633100348 0.003
1633231420 1633362493 0.0009
1633231420 1633362492 0.0006
1632969277 1633034811 0.0003
1632969277 1633493563 0.0005
1632969277 1633100348 0.002
1632969277 1633034804 0.0003
1632969277 1632969271 0.0004
1632969277 1633100347 0.002
1632969277 1633165884 0.002
1632969277 1633231420 0.001
1637491313 1637163633 8e-06
1637491313 1637818984 1e-05
1637491313 1637818987 5e-06
1637491313 1637950060 2e-05
1637491313 1637425777 0.0001
1637491313 1637491315 4e-05
1637491313 1637622388 7e-05
1637491313 1637556853 0.0001
1637491315 1637425777 5e-05
1637491315 1637818984 1e-05
1637491315 1637818987 3e-06
1637491315 1637950060 1e-05
1637491315 1637491313 0.0001
1637491315 1637622388 0.0001
1637491315 1637556853 0.0002
1637491315 1637163633 7e-06
1637622388 1637425777 2e-05
1637622388 1637818984 1e-05
1637622388 1637818987 3e-06
1637622388 1637950060 2e-05
1637622388 1637491313 6e-05
1637622388 1637491315 4e-05
1637622388 1637556853 0.0004
1637622388 1637163633 3e-06
1636442727 1636377191 0.0006
1636442727 1635983979 0.0001
1636442727 1636311652 0.0001
1636442727 1636377190 0.0002
1636442727 1636311655 0.0002
1636442727 1635918443 0.0001
1636442727 1636246124 0.0002
1636442727 1636704867 0.0001
1632707127 1633165884 0.0004
1632707127 1632838199 0.001
1632707127 1633034804 0.0008
1632707127 1632772661 0.0005
1632707127 1632969270 0.0006
1632707127 1632969271 0.0009
1632707127 1633100347 0.0006
1632707127 1633100348 0.0004
1633165883 1633493563 0.001
1633165883 1633165884 0.007
1633165883 1633034804 0.0005
1633165883 1632969271 0.0005
1633165883 1633100344 0.0009
1633165883 1633100347 0.007
1633165883 1633231420 0.005
1633165883 1633100348 0.004
1635983979 1636311655 4e-05
1635983979 1635918443 0.002
1635983979 1636377191 4e-05
1635983979 1635918442 0.0002
1635983979 1636115051 0.0003
1635983979 1636246124 0.0004
1635983979 1636246123 6e-05
1635983979 1635852906 0.0002
1632969271 1633165884 0.0008
1632969271 1633034804 0.002
1632969271 1633034805 0.0009
1632969271 1632969270 0.002
1632969271 1632838199 0.003
1632969271 1633100344 0.0009
1632969271 1633100347 0.001
1632969271 1633100348 0.0008
1632838205 1633493563 0.0004
1632838205 1633100348 0.001
1632838205 1633034804 0.0003
1632838205 1632969271 0.0004
1632838205 1633100347 0.001
1632838205 1633165884 0.001
1632838205 1632969277 0.0004
1632838205 1633231420 0.0007
1636704864 1637032544 5e-05
1636704864 1636967009 4e-05
1636704864 1636704867 0.0005
1636704864 1636704868 6e-05
1636704864 1636311652 5e-05
1636704864 1636704863 0.0004
1636704864 1636639327 0.0002
1636704864 1636377183 6e-05
1637425777 1637163633 1e-05
1637425777 1637818984 1e-05
1637425777 1637818987 4e-06
1637425777 1637950060 2e-05
1637425777 1637491313 0.0003
1637425777 1637491315 4e-05
1637425777 1637622388 5e-05
1637425777 1637556853 8e-05
1635852906 1636311655 3e-05
1635852906 1636115051 9e-05
1635852906 1636311652 3e-05
1635852906 1636377191 3e-05
1635852906 1635918442 0.0003
1635852906 1635983979 0.0007
1635852906 1636246124 0.0002
1635852906 1635918443 0.002
